MODEL USED FOR PREDICTIONS: neural_network
2021-12-22 17:13:30.785553
optimizer: sgd
lr: 0.01
batch_size: 100
epochs: 150
hidden_layers: [500, 150, 10]
activation: relu
train_loss: 0.14248856902122498
val_loss: 0.5819690823554993
test_loss: 0.5819690823554993


