MODEL USED FOR PREDICTIONS: neural_network
2021-12-22 17:06:50.545990
optimizer: sgd
lr: 0.01
batch_size: 100
epochs: 150
hidden_layers: [500, 150, 10]
activation: relu
train_loss: 0.1590576171875
val_loss: 0.8053101301193237
test_loss: 0.8053101301193237


