MODEL USED FOR PREDICTIONS: neural_network
2021-12-30 11:15:36.324389
optimizer: adam
lr: 0.01
batch_size: 50
epochs: 150
hidden_layers: [500, 150, 50]
activation: relu
train_loss: 0.06985625624656677
val_loss: 0.6606774926185608
test_loss: 0.6606774926185608


METRICS OF PREDICTIONS FOR UNLABELLED WORD EMBEDDINGS:
Mean: -0.07041976600885391
Median: 0.18484041094779968
