MODEL USED FOR PREDICTIONS: linear_regression
2021-12-22 15:42:56.696509
optimizer: adam
lr: 0.001
batch_size: 50
epochs: 150
train_loss: 0.8661695718765259
val_loss: 0.94205641746521
test_loss: 0.9420565366744995


