MODEL USED FOR PREDICTIONS: linear_regression
2021-12-30 11:06:51.574339
optimizer: adam
lr: 0.01
batch_size: 10
epochs: 200
train_loss: 1.34309720993042
val_loss: 1.4117661714553833
test_loss: 1.4117661714553833


METRICS OF PREDICTIONS FOR UNLABELLED WORD EMBEDDINGS:
Mean: 0.03726280480623245
Median: 0.03889935836195946
