MODEL USED FOR PREDICTIONS: neural_network
2021-12-22 17:20:49.406710
optimizer: sgd
lr: 0.01
batch_size: 100
epochs: 150
hidden_layers: [500, 150, 10]
activation: relu
train_loss: 0.1366003453731537
val_loss: 0.7812599539756775
test_loss: 0.7812598943710327


